NC_016847.1_Klebsiella_pneumoniae_subsp._pneumoniae_HS11286_plasmid_pKPHS5__complete_sequence
1 1071
1230 2808
3144 3353
NC_016846.1_Klebsiella_pneumoniae_subsp._pneumoniae_HS11286_plasmid_pKPHS2__complete_sequence
1 9488
12501 12939
18024 18859
19120 37480
39319 40428
40940 41950
42731 44443
55978 57832
92521 95907
103317 106464
107003 111195
NC_016838.1_Klebsiella_pneumoniae_subsp._pneumoniae_HS11286_plasmid_pKPHS1__complete_sequence
1 30783
30911 31714
31838 32758
34417 100699
101432 122799
NC_016840.1_Klebsiella_pneumoniae_subsp._pneumoniae_HS11286_plasmid_pKPHS4__complete_sequence
1 3751
NC_016839.1_Klebsiella_pneumoniae_subsp._pneumoniae_HS11286_plasmid_pKPHS3__complete_sequence
1 27931
28061 28753
29973 30626
30756 39222
40204 41954
43457 44023
44152 83407
83640 84335
84463 105974
NC_016841.1_Klebsiella_pneumoniae_subsp._pneumoniae_HS11286_plasmid_pKPHS6__complete_sequence
1 1308
NC_016845.1_Klebsiella_pneumoniae_subsp._pneumoniae_HS11286_chromosome__complete_genome
16073 21167
120806 125584
212476 212966
213755 217732
222174 222956
257518 259055
261714 262608
349959 350152
392070 393260
418679 428623
446617 446760
474943 475976
511218 511728
541253 547273
549696 549887
581367 581577
581789 586024
586246 586952
587082 594145
597391 597603
627121 632139
678343 678430
688440 693679
902464 905080
906138 906206
941065 942512
1002092 1003544
1004310 1007103
1030685 1030774
1062588 1073316
1079999 1081130
1085382 1085518
1113102 1113309
1240852 1240901
1264139 1264319
1288314 1315113
1315242 1316044
1316169 1338716
1388967 1389350
1397713 1397787
1412875 1422235
1447823 1449271
1451291 1451403
1460830 1461318
1477222 1488654
1501232 1501348
1639201 1639264
1743238 1743614
1763170 1763493
1769205 1769648
1778297 1808596
1998691 1999059
2052465 2054125
2116442 2118351
2136586 2145566
2150021 2151468
2202020 2206970
2280710 2293840
2296296 2325561
2340411 2341008
2342158 2342359
2498920 2498976
2560308 2561968
2576042 2579940
2595355 2596002
2667784 2668114
2679785 2682211
2684104 2699927
2709250 2709718
2787861 2795741
2857507 2857981
2903759 2903868
2957019 2958167
2978258 2978371
3015893 3016630
3115626 3117286
3117987 3119301
3179196 3179336
3190416 3190593
3248142 3249080
3249153 3249232
3249967 3252279
3253184 3253950
3254934 3255051
3289511 3290622
3428240 3429074
3433540 3495688
3525222 3527131
3546191 3546622
3554979 3555138
3559888 3560149
3561542 3579551
3804336 3804473
3833347 3833464
4029412 4034283
4049889 4061444
4070479 4085231
4090349 4092009
4098641 4098790
4106295 4106662
4219984 4220062
4261044 4261174
4298336 4299267
4436016 4436099
4458311 4458445
4502831 4514423
4514549 4561926
4698603 4711367
4819168 4835162
4841052 4841219
4841643 4841822
4842430 4846528
4873039 4873352
5077410 5078857
5151722 5151774
5151902 5152787
5249458 5249656
